Sort DSC Time
Start: 0.000333
End: 0.002143

